1 661 3 1826 2
1 3260 2 628 1
0 2825 2 2946 2
0 4895 0 664 2
1 3277 0 3523 2
0 90 1 3918 1
1 3739 3 2064 3
0 4903 2 2243 2
1 3317 2 1004 3
1 4389 0 3991 2
1 1901 1 4028 0
0 1124 0 2589 1
0 2069 3 4369 1
1 4166 2 4828 3
1 4930 2 3795 3
1 114 3 2103 2
0 940 0 983 0
0 2647 0 2198 3
0 2290 1 2680 3
0 1502 3 2360 2
0 357 3 2521 0
0 3009 3 4286 1
1 1301 3 1019 1
1 3915 2 2630 1
1 864 0 3947 1
0 1552 2 4298 2
1 3909 0 352 2
0 2731 3 2420 0
0 26 0 4975 3
0 4917 3 2142 1
0 3517 1 459 2
0 4683 0 568 1
0 918 1 2182 3
1 252 0 3358 0
0 2750 3 3154 0
0 273 1 2195 1
0 189 1 4297 2
1 2854 1 858 1
0 2755 1 331 0
1 1690 3 4039 3
1 1116 2 1144 0
1 3050 0 3826 1
1 4658 1 3071 1
1 3966 0 3115 1
1 2861 1 1090 0
0 2191 2 2996 2
1 3965 2 2870 0
1 3079 0 4618 3
0 721 2 1229 3
0 1956 1 4684 3
1 4049 1 557 3
1 2722 1 3180 0
0 4819 0 4080 2
1 1283 0 483 3
1 1127 0 3325 2
0 67 2 3412 0
0 3655 0 3415 1
1 1019 1 2138 2
1 1953 0 1709 2
0 560 1 3484 1
0 3788 3 4614 1
1 3565 1 2520 0
0 4231 0 2906 0
1 1502 2 2397 2
1 661 3 1826 2
1 3260 2 628 1
0 2825 2 2946 2
0 4895 0 664 2
1 3277 0 3523 2
0 90 1 3918 1
1 3739 3 2064 3
0 4903 2 2243 2
1 3317 2 1004 3
1 4389 0 3991 2
1 1901 1 4028 0
0 1124 0 2589 1
0 2069 3 4369 1
1 4166 2 4828 3
1 4930 2 3795 3
1 114 3 2103 2
0 940 0 983 0
0 2647 0 2198 3
0 2290 1 2680 3
0 1502 3 2360 2
0 357 3 2521 0
0 3009 3 4286 1
1 1301 3 1019 1
1 3915 2 2630 1
1 864 0 3947 1
0 1552 2 4298 2
1 3909 0 352 2
0 2731 3 2420 0
0 26 0 4975 3
0 4917 3 2142 1
0 3517 1 459 2
0 4683 0 568 1
1 2696 0 1537 1
0 4833 1 4897 2
0 690 0 2445 1
0 3432 2 3827 2
0 2251 0 1635 0
1 1857 0 3129 3
1 4960 3 974 3
0 4561 1 4848 3
0 4141 0 4965 0
1 2758 1 2290 3
0 1265 3 479 3
1 55 2 3503 0
0 3604 3 528 3
0 4185 1 2170 2
1 1864 3 1715 0
0 3035 0 940 1
0 2433 1 4071 2
0 619 0 495 0
1 4541 0 2152 0
0 853 2 2873 2
1 3002 2 3438 2
1 2441 0 535 3
0 3163 1 3450 0
1 149 3 299 3
0 1404 3 23 0
1 354 2 1627 1
1 4597 1 1530 1
0 1982 1 1806 1
0 1705 2 230 3
0 1930 3 1059 3
1 3949 2 1271 0
1 573 2 798 0
1 661 3 1826 2
1 3260 2 628 1
0 2825 2 2946 2
0 4895 0 664 2
1 3277 0 3523 2
0 90 1 3918 1
1 3739 3 2064 3
0 4903 2 2243 2
1 3317 2 1004 3
1 4389 0 3991 2
1 1901 1 4028 0
0 1124 0 2589 1
0 2069 3 4369 1
1 4166 2 4828 3
1 4930 2 3795 3
1 114 3 2103 2
0 940 0 983 0
0 2647 0 2198 3
0 2290 1 2680 3
0 1502 3 2360 2
0 357 3 2521 0
0 3009 3 4286 1
1 1301 3 1019 1
1 3915 2 2630 1
1 864 0 3947 1
0 1552 2 4298 2
1 3909 0 352 2
0 2731 3 2420 0
0 26 0 4975 3
0 4917 3 2142 1
0 3517 1 459 2
0 4683 0 568 1
1 661 3 1826 2
1 3260 2 628 1
0 2825 2 2946 2
0 4895 0 664 2
1 3277 0 3523 2
0 90 1 3918 1
1 3739 3 2064 3
0 4903 2 2243 2
1 3317 2 1004 3
1 4389 0 3991 2
1 1901 1 4028 0
0 1124 0 2589 1
0 2069 3 4369 1
1 4166 2 4828 3
1 4930 2 3795 3
1 114 3 2103 2
0 940 0 983 0
0 2647 0 2198 3
0 2290 1 2680 3
0 1502 3 2360 2
0 357 3 2521 0
0 3009 3 4286 1
1 1301 3 1019 1
1 3915 2 2630 1
1 864 0 3947 1
0 1552 2 4298 2
1 3909 0 352 2
0 2731 3 2420 0
0 26 0 4975 3
0 4917 3 2142 1
0 3517 1 459 2
0 4683 0 568 1
1 661 3 1826 2
1 3260 2 628 1
0 2825 2 2946 2
0 4895 0 664 2
1 3277 0 3523 2
0 90 1 3918 1
1 3739 3 2064 3
0 4903 2 2243 2
1 3317 2 1004 3
1 4389 0 3991 2
1 1901 1 4028 0
0 1124 0 2589 1
0 2069 3 4369 1
1 4166 2 4828 3
1 4930 2 3795 3
1 114 3 2103 2
0 940 0 983 0
0 2647 0 2198 3
0 2290 1 2680 3
0 1502 3 2360 2
0 357 3 2521 0
0 3009 3 4286 1
1 1301 3 1019 1
1 3915 2 2630 1
1 864 0 3947 1
0 1552 2 4298 2
1 3909 0 352 2
0 2731 3 2420 0
0 26 0 4975 3
0 4917 3 2142 1
0 3517 1 459 2
0 4683 0 568 1
0 3704 0 2826 0
0 3740 1 383 2
1 2551 3 1499 3
0 4699 3 4448 1
0 2277 3 1463 0
1 459 1 212 0
0 1115 1 4536 2
1 3134 3 4831 2
0 3009 1 1626 0
1 321 3 2485 1
0 2578 2 1588 0
1 342 2 3082 1
0 3266 1 852 1
0 2139 3 3356 3
0 2051 2 1010 2
1 2086 3 3533 0
0 4484 0 314 2
0 940 3 3897 0
1 4461 2 114 3
1 3969 0 4399 1
0 449 2 3124 0
1 3064 2 3474 3
0 1687 2 3172 2
1 2479 1 1252 1
1 4575 0 1027 2
0 3852 0 1915 0
0 3334 3 1272 1
0 4847 3 4940 3
1 249 1 2440 0
1 1076 2 3543 0
1 2694 1 3849 3
0 1319 1 2419 3
0 1353 0 3570 3
1 4844 0 975 3
0 3821 2 3771 3
0 4889 3 4393 2
0 236 1 1216 2
0 699 1 3993 0
1 2947 3 1794 2
1 1664 2 4212 1
1 2494 1 943 2
1 1452 3 1309 3
0 1270 1 2277 1
1 107 0 932 1
1 1358 2 3429 0
0 1726 2 1044 1
1 613 3 3898 3
1 280 1 4927 1
1 3284 3 4728 0
0 3590 1 177 1
1 2394 3 3707 3
0 1165 1 469 3
1 482 3 2168 1
1 1187 3 740 1
1 3645 3 1193 1
0 2786 0 1527 2
1 560 0 3268 3
0 4802 3 2107 3
0 4782 2 4007 2
0 794 3 187 0
1 2508 2 1131 2
0 2354 0 4324 1
1 1459 2 3634 0
0 1107 0 3435 3
1 661 3 1826 2
1 3260 2 628 1
0 2825 2 2946 2
0 4895 0 664 2
1 3277 0 3523 2
0 90 1 3918 1
1 3739 3 2064 3
0 4903 2 2243 2
1 3317 2 1004 3
1 4389 0 3991 2
1 1901 1 4028 0
0 1124 0 2589 1
0 2069 3 4369 1
1 4166 2 4828 3
1 4930 2 3795 3
1 114 3 2103 2
0 940 0 983 0
0 2647 0 2198 3
0 2290 1 2680 3
0 1502 3 2360 2
0 357 3 2521 0
0 3009 3 4286 1
1 1301 3 1019 1
1 3915 2 2630 1
1 864 0 3947 1
0 1552 2 4298 2
1 3909 0 352 2
0 2731 3 2420 0
0 26 0 4975 3
0 4917 3 2142 1
0 3517 1 459 2
0 4683 0 568 1
1 661 3 1826 2
1 3260 2 628 1
0 2825 2 2946 2
0 4895 0 664 2
1 3277 0 3523 2
0 90 1 3918 1
1 3739 3 2064 3
0 4903 2 2243 2
1 3317 2 1004 3
1 4389 0 3991 2
1 1901 1 4028 0
0 1124 0 2589 1
0 2069 3 4369 1
1 4166 2 4828 3
1 4930 2 3795 3
1 114 3 2103 2
0 940 0 983 0
0 2647 0 2198 3
0 2290 1 2680 3
0 1502 3 2360 2
0 357 3 2521 0
0 3009 3 4286 1
1 1301 3 1019 1
1 3915 2 2630 1
1 864 0 3947 1
0 1552 2 4298 2
1 3909 0 352 2
0 2731 3 2420 0
0 26 0 4975 3
0 4917 3 2142 1
0 3517 1 459 2
0 4683 0 568 1
1 661 3 1826 2
1 3260 2 628 1
0 2825 2 2946 2
0 4895 0 664 2
1 3277 0 3523 2
0 90 1 3918 1
1 3739 3 2064 3
0 4903 2 2243 2
1 3317 2 1004 3
1 4389 0 3991 2
1 1901 1 4028 0
0 1124 0 2589 1
0 2069 3 4369 1
1 4166 2 4828 3
1 4930 2 3795 3
1 114 3 2103 2
0 940 0 983 0
0 2647 0 2198 3
0 2290 1 2680 3
0 1502 3 2360 2
0 357 3 2521 0
0 3009 3 4286 1
1 1301 3 1019 1
1 3915 2 2630 1
1 864 0 3947 1
0 1552 2 4298 2
1 3909 0 352 2
0 2731 3 2420 0
0 26 0 4975 3
0 4917 3 2142 1
0 3517 1 459 2
0 4683 0 568 1
1 661 3 1826 2
1 3260 2 628 1
0 2825 2 2946 2
0 4895 0 664 2
1 3277 0 3523 2
0 90 1 3918 1
1 3739 3 2064 3
0 4903 2 2243 2
1 3317 2 1004 3
1 4389 0 3991 2
1 1901 1 4028 0
0 1124 0 2589 1
0 2069 3 4369 1
1 4166 2 4828 3
1 4930 2 3795 3
1 114 3 2103 2
0 940 0 983 0
0 2647 0 2198 3
0 2290 1 2680 3
0 1502 3 2360 2
0 357 3 2521 0
0 3009 3 4286 1
1 1301 3 1019 1
1 3915 2 2630 1
1 864 0 3947 1
0 1552 2 4298 2
1 3909 0 352 2
0 2731 3 2420 0
0 26 0 4975 3
0 4917 3 2142 1
0 3517 1 459 2
0 4683 0 568 1
1 661 3 1826 2
1 3260 2 628 1
0 2825 2 2946 2
0 4895 0 664 2
1 3277 0 3523 2
0 90 1 3918 1
1 3739 3 2064 3
0 4903 2 2243 2
1 3317 2 1004 3
1 4389 0 3991 2
1 1901 1 4028 0
0 1124 0 2589 1
0 2069 3 4369 1
1 4166 2 4828 3
1 4930 2 3795 3
1 114 3 2103 2
0 940 0 983 0
0 2647 0 2198 3
0 2290 1 2680 3
0 1502 3 2360 2
0 357 3 2521 0
0 3009 3 4286 1
1 1301 3 1019 1
1 3915 2 2630 1
1 864 0 3947 1
0 1552 2 4298 2
1 3909 0 352 2
0 2731 3 2420 0
0 26 0 4975 3
0 4917 3 2142 1
0 3517 1 459 2
0 4683 0 568 1
1 661 3 1826 2
1 3260 2 628 1
0 2825 2 2946 2
0 4895 0 664 2
1 3277 0 3523 2
0 90 1 3918 1
1 3739 3 2064 3
0 4903 2 2243 2
1 3317 2 1004 3
1 4389 0 3991 2
1 1901 1 4028 0
0 1124 0 2589 1
0 2069 3 4369 1
1 4166 2 4828 3
1 4930 2 3795 3
1 114 3 2103 2
0 940 0 983 0
0 2647 0 2198 3
0 2290 1 2680 3
0 1502 3 2360 2
0 357 3 2521 0
0 3009 3 4286 1
1 1301 3 1019 1
1 3915 2 2630 1
1 864 0 3947 1
0 1552 2 4298 2
1 3909 0 352 2
0 2731 3 2420 0
0 26 0 4975 3
0 4917 3 2142 1
0 3517 1 459 2
-1 4683 0 568 1
